A
00000000000011111110000000000000
00000000000011111110000000000000
00000000000111111111000000000000
00000000000111111111000000000000
00000000000111111111000000000000
00000000000111101111000000000000
00000000001111101111100000000000
00000000001111100111100000000000
00000000001111000111100000000000
00000000001111000111110000000000
00000000011111000111110000000000
00000000011110000011110000000000
00000000011110000011110000000000
00000000111110000011111000000000
00000000111110000011111000000000
00000000111100000001111000000000
00000000111100000001111100000000
00000001111100000001111100000000
00000001111100000000111100000000
00000001111000000000111100000000
00000011111111111111111110000000
00000011111111111111111110000000
00000011111111111111111110000000
00000011111111111111111110000000
00000111110000000000011111000000
00000111110000000000011111000000
00000111100000000000001111000000
00001111100000000000001111100000
00001111100000000000001111100000
00001111100000000000001111100000
00001111000000000000000111100000
00011111000000000000000111110000
B
00000011111111111110000000000000
00000011111111111111110000000000
00000011111111111111111000000000
00000011111111111111111100000000
00000011111000000111111100000000
00000011110000000001111110000000
00000011110000000000111110000000
00000011110000000000111110000000
00000011110000000000111110000000
00000011110000000000111110000000
00000011110000000000111100000000
00000011110000000001111100000000
00000011111000000111111000000000
00000011111111111111110000000000
00000011111111111111000000000000
00000011111111111111000000000000
00000011111111111111111000000000
00000011111000000011111110000000
00000011110000000000111111000000
00000011110000000000011111000000
00000011110000000000001111100000
00000011110000000000001111100000
00000011110000000000001111100000
00000011110000000000001111100000
00000011110000000000001111100000
00000011110000000000011111100000
00000011110000000000111111100000
00000011111000000011111111000000
00000011111111111111111111000000
00000011111111111111111110000000
00000011111111111111111100000000
00000011111111111111110000000000
C
00000000000011111111111100000000
00000000001111111111111111000000
00000000011111111111111111100000
00000000111111111111111111100000
00000001111111000000001111000000
00000001111110000000000110000000
00000011111100000000000000000000
00000011111000000000000000000000
00000111110000000000000000000000
00000111110000000000000000000000
00000111110000000000000000000000
00000111100000000000000000000000
00001111100000000000000000000000
00001111100000000000000000000000
00001111100000000000000000000000
00001111100000000000000000000000
00001111100000000000000000000000
00001111100000000000000000000000
00001111100000000000000000000000
00000111100000000000000000000000
00000111110000000000000000000000
00000111110000000000000000000000
00000111110000000000000000000000
00000111111000000000000000000000
00000011111100000000000000000000
00000011111110000000000000000000
00000001111111000000000000000000
00000000111111111100011111000000
00000000011111111111111111000000
00000000001111111111111111100000
00000000000011111111111111000000
00000000000000011111110000000000
D
00000011111111111100000000000000
00000011111111111111100000000000
00000011111111111111110000000000
00000011111111111111111100000000
00000011111000001111111100000000
00000011110000000011111110000000
00000011110000000000111111000000
00000011110000000000111111000000
00000011110000000000011111000000
00000011110000000000001111100000
00000011110000000000001111100000
00000011110000000000001111100000
00000011110000000000001111100000
00000011110000000000000111100000
00000011110000000000000111100000
00000011110000000000000111100000
00000011110000000000000111100000
00000011110000000000000111100000
00000011110000000000000111100000
00000011110000000000000111100000
00000011110000000000001111100000
00000011110000000000001111100000
00000011110000000000001111100000
00000011110000000000011111100000
00000011110000000000011111000000
00000011110000000000111111000000
00000011110000000011111110000000
00000011111000011111111110000000
00000011111111111111111100000000
00000011111111111111111000000000
00000011111111111111100000000000
00000011111111111100000000000000
E
00000111111111111111111111000000
00000111111111111111111111000000
00000111111111111111111111000000
00000111111111111111111111000000
00000111110000000000000000000000
00000111110000000000000000000000
00000111110000000000000000000000
00000111110000000000000000000000
00000111110000000000000000000000
00000111110000000000000000000000
00000111110000000000000000000000
00000111110000000000000000000000
00000111110000000000000000000000
00000111110000000000000000000000
00000111111111111111110000000000
00000111111111111111110000000000
00000111111111111111110000000000
00000111111111111111110000000000
00000111110000000000000000000000
00000111110000000000000000000000
00000111110000000000000000000000
00000111110000000000000000000000
00000111110000000000000000000000
00000111110000000000000000000000
00000111110000000000000000000000
00000111110000000000000000000000
00000111110000000000000000000000
00000111110000000000000000000000
00000111111111111111111111000000
00000111111111111111111111000000
00000111111111111111111111000000
00000111111111111111111111000000
F
00000111111111111111111111000000
00000111111111111111111111000000
00000111111111111111111111000000
00000111111111111111111111000000
00000111110000000000000000000000
00000111110000000000000000000000
00000111110000000000000000000000
00000111110000000000000000000000
00000111110000000000000000000000
00000111110000000000000000000000
00000111110000000000000000000000
00000111110000000000000000000000
00000111110000000000000000000000
00000111110000000000000000000000
00000111110000000000000000000000
00000111111111111111110000000000
00000111111111111111110000000000
00000111111111111111110000000000
00000111111111111111110000000000
00000111110000000000000000000000
00000111110000000000000000000000
00000111110000000000000000000000
00000111110000000000000000000000
00000111110000000000000000000000
00000111110000000000000000000000
00000111110000000000000000000000
00000111110000000000000000000000
00000111110000000000000000000000
00000111110000000000000000000000
00000111110000000000000000000000
00000111110000000000000000000000
00000111110000000000000000000000
G
00000000000000011111110000000000
00000000000011111111111110000000
00000000001111111111111111000000
00000000011111111111111111100000
00000000111111111000111111100000
00000001111111000000001111000000
00000001111110000000000110000000
00000011111100000000000000000000
00000011111000000000000000000000
00000111111000000000000000000000
00000111110000000000000000000000
00000111110000000000000000000000
00000111110000000000000000000000
00000111110000000000000000000000
00000111100000000000000000000000
00000111100000000000000000000000
00000111100000000111111111100000
00000111100000001111111111100000
00000111100000001111111111100000
00000111110000001111111111100000
00000111110000000111111111100000
00000111110000000000000111100000
00000111110000000000000111100000
00000111111000000000000111100000
00000011111000000000000111100000
00000011111100000000000111100000
00000001111110000000000111100000
00000001111111100000001111100000
00000000111111111111111111100000
00000000011111111111111111100000
00000000001111111111111111100000
00000000000011111111111111000000
H
00000011111000000000001111100000
00000011111000000000001111100000
00000011111000000000001111100000
00000011111000000000001111100000
00000011111000000000001111100000
00000011111000000000001111100000
00000011111000000000001111100000
00000011111000000000001111100000
00000011111000000000001111100000
00000011111000000000001111100000
00000011111000000000001111100000
00000011111000000000001111100000
00000011111000000000001111100000
00000011111000000000001111100000
00000011111111111111111111100000
00000011111111111111111111100000
00000011111111111111111111100000
00000011111111111111111111100000
00000011111000000000011111100000
00000011111000000000001111100000
00000011111000000000001111100000
00000011111000000000001111100000
00000011111000000000001111100000
00000011111000000000001111100000
00000011111000000000001111100000
00000011111000000000001111100000
00000011111000000000001111100000
00000011111000000000001111100000
00000011111000000000001111100000
00000011111000000000001111100000
00000011111000000000001111100000
00000011111000000000001111100000
I
00000011111111111111111110000000
00000011111111111111111110000000
00000011111111111111111110000000
00000011111111111111111110000000
00000000000001111100000000000000
00000000000001111100000000000000
00000000000001111100000000000000
00000000000001111100000000000000
00000000000001111100000000000000
00000000000001111100000000000000
00000000000001111100000000000000
00000000000001111100000000000000
00000000000001111100000000000000
00000000000001111100000000000000
00000000000001111100000000000000
00000000000001111100000000000000
00000000000001111100000000000000
00000000000001111100000000000000
00000000000001111100000000000000
00000000000001111100000000000000
00000000000001111100000000000000
00000000000001111100000000000000
00000000000001111100000000000000
00000000000001111100000000000000
00000000000001111100000000000000
00000000000001111100000000000000
00000000000001111100000000000000
00000000000001111100000000000000
00000011111111111111111110000000
00000011111111111111111110000000
00000011111111111111111110000000
00000011111111111111111110000000
J
00000000000000111111111111100000
00000000000000111111111111100000
00000000000000111111111111100000
00000000000000111111111111100000
00000000000000000000001111100000
00000000000000000000001111100000
00000000000000000000001111100000
00000000000000000000001111100000
00000000000000000000001111100000
00000000000000000000001111100000
00000000000000000000001111100000
00000000000000000000001111100000
00000000000000000000001111100000
00000000000000000000001111100000
00000000000000000000001111100000
00000000000000000000001111100000
00000000000000000000001111100000
00000000000000000000001111100000
00000000000000000000001111100000
00000000000000000000001111100000
00000000000000000000001111100000
00000111110000000000001111100000
00000111110000000000001111100000
00000111110000000000001111100000
00000011110000000000001111000000
00000011111000000000011111000000
00000011111100000000111111000000
00000001111110000001111110000000
00000001111111111111111110000000
00000000111111111111111100000000
00000000011111111111111000000000
00000000000111111111100000000000
K
00000111100000000000011111000000
00000111100000000000011111000000
00000111100000000000011111000000
00000111100000000000011111000000
00000111100000000000011111000000
00000111100000000000011111000000
00000111100000000000111110000000
00000111100000000000111110000000
00000111100000000000111110000000
00000111100000000001111100000000
00000111100000000001111100000000
00000111100000000011111100000000
00000111100000000011111000000000
00000111100000000111110000000000
00000111100000001111110000000000
00000111100000111111100000000000
00000111100011111111000000000000
00000111111111111111000000000000
00000111111111111111000000000000
00000111111111111111100000000000
00000111111111001111100000000000
00000111111000001111110000000000
00000111100000000111111000000000
00000111100000000011111000000000
00000111100000000011111100000000
00000111100000000001111100000000
00000111100000000001111110000000
00000111100000000000111110000000
00000111100000000000111111000000
00000111100000000000011111000000
00000111100000000000011111100000
00000111100000000000001111100000
L
00000111110000000000000000000000
00000111110000000000000000000000
00000111110000000000000000000000
00000111110000000000000000000000
00000111110000000000000000000000
00000111110000000000000000000000
00000111110000000000000000000000
00000111110000000000000000000000
00000111110000000000000000000000
00000111110000000000000000000000
00000111110000000000000000000000
00000111110000000000000000000000
00000111110000000000000000000000
00000111110000000000000000000000
00000111110000000000000000000000
00000111110000000000000000000000
00000111110000000000000000000000
00000111110000000000000000000000
00000111110000000000000000000000
00000111110000000000000000000000
00000111110000000000000000000000
00000111110000000000000000000000
00000111110000000000000000000000
00000111110000000000000000000000
00000111110000000000000000000000
00000111110000000000000000000000
00000111110000000000000000000000
00000111111000000000000000000000
00000111111111111111111111100000
00000111111111111111111111100000
00000111111111111111111111100000
00000111111111111111111111100000
M
00000011111110000000111111100000
00000011111110000000111111100000
00000011111110000001111111100000
00000011111111000001111111100000
00000011111111000001111111100000
00000011111111000001111111100000
00000011110111000011111111100000
00000011110111100011111111100000
00000011110011100011101111100000
00000011110011100011101111100000
00000011110011110111101111100000
00000011110011110111101111100000
00000011110001110111001111100000
00000011110001111111001111100000
00000011110001111111001111100000
00000011110001111110001111100000
00000011110000111110001111100000
00000011110000111110001111100000
00000011110000111110001111100000
00000011110000000000001111100000
00000011110000000000001111100000
00000011110000000000001111100000
00000011110000000000001111100000
00000011110000000000001111100000
00000011110000000000001111100000
00000011110000000000001111100000
00000011110000000000001111100000
00000011110000000000001111100000
00000011110000000000001111100000
00000011110000000000001111100000
00000011110000000000001111100000
00000011110000000000001111100000
N
00000111111100000000011111000000
00000111111100000000011111000000
00000111111100000000011111000000
00000111111110000000011111000000
00000111111110000000011111000000
00000111111110000000011111000000
00000111111111000000011111000000
00000111111111000000011111000000
00000111111111100000011111000000
00000111110111100000011111000000
00000111110111100000011111000000
00000111110011110000011111000000
00000111110011110000011111000000
00000111110001110000011111000000
00000111110001111000011111000000
00000111110001111000011111000000
00000111110000111100011111000000
00000111110000111100011111000000
00000111110000111100011111000000
00000111110000011110011111000000
00000111110000011110011111000000
00000111110000001110011111000000
00000111110000001111011111000000
00000111110000001111111111000000
00000111110000000111111111000000
00000111110000000111111111000000
00000111110000000111111111000000
00000111110000000011111111000000
00000111110000000011111111000000
00000111110000000011111111000000
00000111110000000001111111000000
00000111110000000001111111000000
O
00000000000001111110000000000000
00000000000111111111110000000000
00000000011111111111111000000000
00000000111111111111111100000000
00000000111111100011111110000000
00000001111110000000111110000000
00000001111100000000011111000000
00000011111000000000011111000000
00000011111000000000001111100000
00000011111000000000001111100000
00000111110000000000001111100000
00000111110000000000001111100000
00000111110000000000000111100000
00000111110000000000000111100000
00000111110000000000000111100000
00000111110000000000000111100000
00000111110000000000000111100000
00000111110000000000000111100000
00000111110000000000000111100000
00000111110000000000000111100000
00000111110000000000001111100000
00000111110000000000001111100000
00000011110000000000001111100000
00000011111000000000001111100000
00000011111000000000011111000000
00000001111100000000011111000000
00000001111110000000111110000000
00000000111111100011111110000000
00000000111111111111111100000000
00000000011111111111111000000000
00000000000111111111110000000000
00000000000001111110000000000000
P
00000111111111111110000000000000
00000111111111111111110000000000
00000111111111111111111000000000
00000111111111111111111100000000
00000111110000000111111110000000
00000111110000000001111110000000
00000111110000000000111111000000
00000111110000000000011111000000
00000111110000000000011111000000
00000111110000000000011111000000
00000111110000000000011111000000
00000111110000000000011111000000
00000111110000000000011111000000
00000111110000000000011111000000
00000111110000000000011111000000
00000111110000000000111110000000
00000111110000000011111110000000
00000111111111111111111100000000
00000111111111111111111100000000
00000111111111111111110000000000
00000111111111111111100000000000
00000111111111111000000000000000
00000111110000000000000000000000
00000111110000000000000000000000
00000111110000000000000000000000
00000111110000000000000000000000
00000111110000000000000000000000
00000111110000000000000000000000
00000111110000000000000000000000
00000111110000000000000000000000
00000111110000000000000000000000
00000000000000000000000000000000
Q
00000000000001111100000000000000
00000000000111111111000000000000
00000000001111111111100000000000
00000000011111000111110000000000
00000000011110000011111000000000
00000000111100000001111000000000
00000000111000000000111000000000
00000000111000000000111000000000
00000001111000000000111100000000
00000001111000000000111100000000
00000001111000000000111100000000
00000001111000000000111100000000
00000001111000000000111100000000
00000001111000000000111100000000
00000001111000000000111100000000
00000001111000000000111100000000
00000001111000000000111100000000
00000000111000000000111000000000
00000000111100000001111000000000
00000000111100000001111000000000
00000000011110000011110000000000
00000000011111111111110000000000
00000000001111111111100000000000
00000000000111111111000000000000
00000000000000111000000000000000
00000000000000111000000000000000
00000000000000111000000000000000
00000000000000111100000000000000
00000000000000011110000000000000
00000000000000011111110000000000
00000000000000001111110000000000
00000000000000000011110000000000
R
00000111111111111111110000000000
00000111111111111111111000000000
00000111111111111111111100000000
00000111111111111111111110000000
00000111100000000001111110000000
00000111100000000000111110000000
00000111100000000000111111000000
00000111100000000000011111000000
00000111100000000000011111000000
00000111100000000000011111000000
00000111100000000000011111000000
00000111100000000000011111000000
00000111100000000000111111000000
00000111100000000000111110000000
00000111100000000011111110000000
00000111111111111111111100000000
00000111111111111111111100000000
00000111111111111111111000000000
00000111111111111111100000000000
00000111111111111111100000000000
00000111100000001111100000000000
00000111100000000111110000000000
00000111100000000111110000000000
00000111100000000011111000000000
00000111100000000011111000000000
00000111100000000001111100000000
00000111100000000001111100000000
00000111100000000001111110000000
00000111100000000000111110000000
00000111100000000000111111000000
00000111100000000000011111000000
00000111100000000000011111100000
S
00000000000001111110000000000000
00000000001111111111110000000000
00000000011111111111111100000000
00000000111111111111111110000000
00000001111111000011111110000000
00000001111100000000111100000000
00000001111100000000001000000000
00000001111000000000000000000000
00000001111000000000000000000000
00000001111000000000000000000000
00000001111100000000000000000000
00000001111110000000000000000000
00000000111111100000000000000000
00000000111111111000000000000000
00000000011111111110000000000000
00000000001111111111100000000000
00000000000011111111110000000000
00000000000000111111111000000000
00000000000000001111111100000000
00000000000000000011111110000000
00000000000000000000111110000000
00000000000000000000111111000000
00000000000000000000011111000000
00000000000000000000011111000000
00000000000000000000011111000000
00000000000000000000011111000000
00000011100000000000111110000000
00000011111110000111111110000000
00000011111111111111111100000000
00000011111111111111111000000000
00000001111111111111110000000000
00000000000111111110000000000000
T
00001111111111111111111111100000
00001111111111111111111111100000
00001111111111111111111111100000
00001111111111111111111111100000
00000000000001111100000000000000
00000000000001111100000000000000
00000000000001111100000000000000
00000000000001111100000000000000
00000000000001111100000000000000
00000000000001111100000000000000
00000000000001111100000000000000
00000000000001111100000000000000
00000000000001111100000000000000
00000000000001111100000000000000
00000000000001111100000000000000
00000000000001111100000000000000
00000000000001111100000000000000
00000000000001111100000000000000
00000000000001111100000000000000
00000000000001111100000000000000
00000000000001111100000000000000
00000000000001111100000000000000
00000000000001111100000000000000
00000000000001111100000000000000
00000000000001111100000000000000
00000000000001111100000000000000
00000000000001111100000000000000
00000000000001111100000000000000
00000000000001111100000000000000
00000000000001111100000000000000
00000000000001111100000000000000
00000000000001111100000000000000
U
00000111110000000000011111000000
00000111110000000000011111000000
00000111110000000000011111000000
00000111110000000000011111000000
00000111110000000000011111000000
00000111110000000000011111000000
00000111110000000000011111000000
00000111110000000000011111000000
00000111110000000000011111000000
00000111110000000000011111000000
00000111110000000000011111000000
00000111110000000000011111000000
00000111110000000000011111000000
00000111110000000000011111000000
00000111110000000000011111000000
00000111110000000000011111000000
00000111110000000000011111000000
00000111110000000000011111000000
00000111110000000000011111000000
00000111110000000000011111000000
00000111110000000000011111000000
00000111110000000000011111000000
00000111110000000000011111000000
00000111110000000000011111000000
00000011111000000000111111000000
00000011111000000000111110000000
00000011111100000001111110000000
00000001111111111111111100000000
00000001111111111111111100000000
00000000111111111111111000000000
00000000001111111111100000000000
00000000000011111100000000000000
V
00001111100000000000000111110000
00001111100000000000000111110000
00001111100000000000000111110000
00000111100000000000001111100000
00000111110000000000001111100000
00000111110000000000001111100000
00000111110000000000001111000000
00000011110000000000011111000000
00000011111000000000011111000000
00000011111000000000011111000000
00000011111000000000011110000000
00000001111100000000111110000000
00000001111100000000111110000000
00000001111100000000111110000000
00000000111100000000111100000000
00000000111110000001111100000000
00000000111110000001111100000000
00000000111110000001111000000000
00000000011110000011111000000000
00000000011111000011111000000000
00000000011111000011111000000000
00000000001111000011110000000000
00000000001111000111110000000000
00000000001111100111110000000000
00000000001111100111110000000000
00000000000111100111100000000000
00000000000111101111100000000000
00000000000111111111100000000000
00000000000111111111000000000000
00000000000011111111000000000000
00000000000011111111000000000000
00000000000011111111000000000000
W
00111110000000000000000011110000
00111110000000000000000111110000
00011111000000000000000111110000
00011111000000000000000111110000
00011111000000000000000111110000
00011111000000000000000111110000
00011111000000000000000111110000
00011111000000111000000111110000
00011111000001111100000111110000
00011111000001111100000111100000
00011111000001111100000111100000
00001111000001111100000111100000
00001111000011111100001111100000
00001111000011111110001111100000
00001111100011111110001111100000
00001111100011101110001111100000
00001111100011101110001111100000
00001111100011101110001111100000
00001111100111101110001111100000
00001111100111101111001111000000
00000111100111001111001111000000
00000111100111000111001111000000
00000111100111000111011111000000
00000111100111000111011111000000
00000111100111000111011111000000
00000111110111000111011111000000
00000111111111000111011111000000
00000111111111000111111110000000
00000011111110000111111110000000
00000011111110000011111110000000
00000011111110000011111110000000
00000011111110000011111110000000
X
00000111110000000000000111110000
00000011111000000000001111100000
00000011111100000000011111100000
00000001111100000000011111000000
00000000111110000000111110000000
00000000111110000000111110000000
00000000011111000001111100000000
00000000011111000001111100000000
00000000001111100011111000000000
00000000001111100011111000000000
00000000000111110111110000000000
00000000000011111111100000000000
00000000000011111111100000000000
00000000000001111111000000000000
00000000000001111111000000000000
00000000000000111110000000000000
00000000000000111110000000000000
00000000000001111111000000000000
00000000000001111111000000000000
00000000000011111111100000000000
00000000000111110111110000000000
00000000000111110111110000000000
00000000001111100011111000000000
00000000001111000001111000000000
00000000011111000001111100000000
00000000111110000000111110000000
00000000111110000000111110000000
00000001111100000000011111000000
00000001111100000000011111000000
00000011111000000000001111100000
00000111111000000000001111110000
00000111110000000000000111110000
Y
00011111000000000000000111110000
00001111100000000000000111110000
00001111100000000000001111100000
00000111110000000000001111100000
00000111110000000000011111000000
00000011111000000000011111000000
00000011111000000000111110000000
00000001111000000000111110000000
00000001111100000001111100000000
00000000111100000001111100000000
00000000111110000011111000000000
00000000011110000011111000000000
00000000011111000111110000000000
00000000001111000111110000000000
00000000001111100111100000000000
00000000000111111111100000000000
00000000000111111111000000000000
00000000000011111111000000000000
00000000000011111110000000000000
00000000000001111110000000000000
00000000000001111100000000000000
00000000000001111100000000000000
00000000000001111100000000000000
00000000000001111100000000000000
00000000000001111100000000000000
00000000000001111100000000000000
00000000000001111100000000000000
00000000000001111100000000000000
00000000000001111100000000000000
00000000000001111100000000000000
00000000000001111100000000000000
00000000000001111100000000000000
Z
00000111111111111111111111000000
00000111111111111111111111000000
00000111111111111111111111000000
00000111111111111111111111000000
00000000000000000000111110000000
00000000000000000001111110000000
00000000000000000001111100000000
00000000000000000011111000000000
00000000000000000111111000000000
00000000000000000111110000000000
00000000000000001111110000000000
00000000000000001111100000000000
00000000000000011111000000000000
00000000000000111111000000000000
00000000000000111110000000000000
00000000000001111100000000000000
00000000000011111100000000000000
00000000000011111000000000000000
00000000000111110000000000000000
00000000001111110000000000000000
00000000001111100000000000000000
00000000011111100000000000000000
00000000011111000000000000000000
00000000111110000000000000000000
00000001111110000000000000000000
00000001111100000000000000000000
00000011111000000000000000000000
00000111111000000000000000000000
00000111111111111111111111000000
00000111111111111111111111000000
00000111111111111111111111000000
00000111111111111111111111000000
a
00000111111111100000000000000000
00000111111111111100000000000000
00001111111111111111000000000000
00001111111111111111110000000000
00001111111111111111111000000000
00000111111111111111111000000000
00000000000000111111111100000000
00000000000000000111111110000000
00000000000000000011111110000000
00000000000000000001111110000000
00000000000000000001111110000000
00000000000000000001111110000000
00000000000000000001111110000000
00000001111111111111111110000000
00000111111111111111111110000000
00001111111111111111111110000000
00011111111111111111111110000000
00111111111111111111111110000000
01111111110000000001111110000000
01111111000000000001111110000000
01111110000000000001111110000000
01111100000000000001111110000000
01111100000000000001111110000000
01111100000000000011111111000000
01111110000000000111111110000000
01111111000000001111111111110000
01111111110001111111111111111100
00111111111111111110111111111100
00111111111111111110011111111100
00011111111111111100111111111100
00000111111111110000011111111100
00000000111110000000000000000000
b
00000011111000000000000000000000
00000011111000000000000000000000
00000011111000000000000000000000
00000011111000000000000000000000
00000011111000000000000000000000
00000011111000000000000000000000
00000011111000000000000000000000
00000011111000000000000000000000
00000011111000000000000000000000
00000011111001111111100000000000
00000011111011111111111000000000
00000011111111111111111100000000
00000011111111111111111100000000
00000011111110000001111110000000
00000011111100000000111110000000
00000011111100000000011111000000
00000011111000000000011111000000
00000011111000000000011111000000
00000011111000000000011111000000
00000011111000000000011111000000
00000011111000000000011111000000
00000011111000000000011111000000
00000011111000000000011111000000
00000011111000000000011110000000
00000011111000000000111110000000
00000011111000000001111110000000
00000011111000000011111100000000
00000011111000011111111000000000
00000011111111111111110000000000
00000011111111111111100000000000
00000011111111111110000000000000
00000000011111100000000000000000
c
00000000000011111111110000000000
00000000001111111111111110000000
00000000111111111111111111000000
00000001111111111111111111100000
00000011111111111111111111110000
00000111111111111111111111111000
00001111111110000000011111111000
00001111111000000000001111110000
00011111110000000000000111100000
00011111110000000000000010000000
00011111100000000000000000000000
00011111100000000000000000000000
00111111100000000000000000000000
00111111100000000000000000000000
00111111000000000000000000000000
00111111000000000000000000000000
00111111000000000000000000000000
00111111100000000000000000000000
00111111100000000000000000000000
00111111100000000000000000000000
00011111100000000000000000000000
00011111110000000000000000000000
00011111111000000000000000000000
00001111111000000000000000000000
00001111111110000000000000000000
00000111111111110000000011100000
00000111111111111111111111100000
00000011111111111111111111100000
00000000111111111111111111110000
00000000011111111111111111110000
00000000000111111111111111110000
00000000000000011111111000000000
d
00000000000000000000011111000000
00000000000000000000011111000000
00000000000000000000011111000000
00000000000000000000011111000000
00000000000000000000011111000000
00000000000000000000011111000000
00000000000000000000011111000000
00000000000000000000011111000000
00000000000011111100011111000000
00000000001111111110011111000000
00000000011111111111011111000000
00000000111111111111111111000000
00000000111111000011111111000000
00000001111110000000111111000000
00000001111100000000111111000000
00000001111000000000011111000000
00000011111000000000011111000000
00000011111000000000011111000000
00000011111000000000011111000000
00000011111000000000011111000000
00000011111000000000011111000000
00000011111000000000011111000000
00000011111000000000011111000000
00000011111000000000011111000000
00000001111000000000011111000000
00000001111100000000111111000000
00000001111110000001111111000000
00000000111111100011111111000000
00000000111111111111111111000000
00000000011111111111001111000000
00000000001111111110001111000000
00000000000001111000000000000000
e
00000000000111111111000000000000
00000000011111111111110000000000
00000001111111111111111100000000
00000011111111111111111110000000
00000111111111111111111111000000
00000111111111000111111111000000
00001111111100000000111111100000
00001111111000000000011111100000
00011111110000000000001111110000
00011111100000000000001111110000
00011111100000000000001111110000
00111111000000000000000111110000
00111111000000000000000111110000
00111111100000000000001111111000
00111111111111111111111111111000
00111111111111111111111111111000
00111111111111111111111111110000
00111111111111111111111111110000
00111111111111111111111111110000
00111111000000000000000000000000
00011111100000000000000000000000
00011111100000000000000000000000
00011111110000000000000000000000
00001111111000000000000000000000
00001111111110000000000000000000
00000111111111100000000011000000
00000111111111111111111111100000
00000011111111111111111111100000
00000000111111111111111111100000
00000000011111111111111111100000
00000000000111111111111111100000
00000000000000011111111000000000
f
00000000000000000000011100000000
00000000000000000111111111100000
00000000000000011111111111000000
00000000000000111111111111000000
00000000000000111111111111000000
00000000000001111110000000000000
00000000000001111100000000000000
00000000000001111000000000000000
00000000000011111000000000000000
00000000000011111000000000000000
00000000000011111000000000000000
00000000000011111000000000000000
00000000000011111000000000000000
00000000000011111000000000000000
00000011111111111111111110000000
00000011111111111111111110000000
00000011111111111111111110000000
00000011111111111111111110000000
00000000000011111000000000000000
00000000000011111000000000000000
00000000000011111000000000000000
00000000000011111000000000000000
00000000000011111000000000000000
00000000000011111000000000000000
00000000000011111000000000000000
00000000000011111000000000000000
00000000000011111000000000000000
00000000000011111000000000000000
00000000000011111000000000000000
00000000000011111000000000000000
00000000000011111000000000000000
00000000000000000000000000000000
g
00000000000011111100001110000000
00000000001111111110011110000000
00000000011111111111011110000000
00000000111111111111111110000000
00000000111110000001111110000000
00000001111100000000111110000000
00000001111100000000111110000000
00000001111000000000011110000000
00000001111000000000011110000000
00000001111000000000011110000000
00000011111000000000011110000000
00000011111000000000011110000000
00000011111000000000011110000000
00000001111000000000011110000000
00000001111000000000011110000000
00000001111000000000111110000000
00000001111100000000111110000000
00000001111110000001111110000000
00000000111111100111111110000000
00000000011111111111111110000000
00000000001111111111011110000000
00000000000111111110011110000000
00000000000000000000011110000000
00000000000000000000011110000000
00000000000000000000111110000000
00000000000000000001111100000000
00000000000000000011111100000000
00000000011111111111111100000000
00000000111111111111111000000000
00000000111111111111110000000000
00000000111111111110000000000000
00000000110000000000000000000000
h
00000011111000000000000000000000
00000011111000000000000000000000
00000011111000000000000000000000
00000011111000000000000000000000
00000011111000000000000000000000
00000011111000000000000000000000
00000011111000000000000000000000
00000011111000000000000000000000
00000011111000000000000000000000
00000011111000111111000000000000
00000011111001111111110000000000
00000011111011111111111000000000
00000011111111111111111000000000
00000011111111000011111100000000
00000011111100000001111100000000
00000011111100000000111100000000
00000011111000000000111100000000
00000011111000000000111100000000
00000011111000000000111100000000
00000011111000000000111100000000
00000011111000000000111100000000
00000011111000000000111100000000
00000011111000000000111100000000
00000011111000000000111100000000
00000011111000000000111100000000
00000011111000000000111100000000
00000011111000000000111100000000
00000011111000000000111100000000
00000011111000000000111100000000
00000011111000000000111100000000
00000011111000000000111100000000
00000011111000000000111100000000
i
00000000000000001000000000000000
00000000000000111110000000000000
00000000000001111110000000000000
00000000000001111111000000000000
00000000000001111110000000000000
00000000000000111110000000000000
00000000000000001000000000000000
00000000000000000000000000000000
00000000000000000000000000000000
00000000000000000000000000000000
00000001111111111110000000000000
00000001111111111110000000000000
00000001111111111110000000000000
00000001111111111110000000000000
00000000000000111110000000000000
00000000000000111110000000000000
00000000000000111110000000000000
00000000000000111110000000000000
00000000000000111110000000000000
00000000000000111110000000000000
00000000000000111110000000000000
00000000000000111110000000000000
00000000000000111110000000000000
00000000000000111110000000000000
00000000000000111110000000000000
00000000000000111110000000000000
00000000000000111110000000000000
00000000000000111110000000000000
00000011111111111111111110000000
00000011111111111111111111000000
00000011111111111111111111000000
00000011111111111111111111000000
j
00000000000000000011100000000000
00000000000000000111110000000000
00000000000000000111110000000000
00000000000000000111100000000000
00000000000000000000000000000000
00000000000000000000000000000000
00000000000000000000000000000000
00000000000011111111100000000000
00000000000011111111100000000000
00000000000011111111100000000000
00000000000000000011100000000000
00000000000000000011100000000000
00000000000000000011100000000000
00000000000000000011100000000000
00000000000000000011100000000000
00000000000000000011100000000000
00000000000000000011100000000000
00000000000000000011100000000000
00000000000000000011100000000000
00000000000000000011100000000000
00000000000000000011100000000000
00000000000000000011100000000000
00000000000000000011100000000000
00000000000000000011100000000000
00000000000000000011100000000000
00000000000000000011100000000000
00000000000000000111100000000000
00000000000000001111100000000000
00000000000111111111000000000000
00000000001111111110000000000000
00000000001111111000000000000000
00000000001110000000000000000000
k
00000111110000000000000000000000
00000111110000000000000000000000
00000111110000000000000000000000
00000111110000000000000000000000
00000111110000000000000000000000
00000111110000000000000000000000
00000111110000000000000000000000
00000111110000000000000000000000
00000111110000000000000000000000
00000111110000000000111100000000
00000111110000000001111100000000
00000111110000000001111100000000
00000111110000000001111100000000
00000111110000000001111000000000
00000111110000000011111000000000
00000111110000000011111000000000
00000111110000000111110000000000
00000111110000001111110000000000
00000111110000111111100000000000
00000111111111111111100000000000
00000111111111111111000000000000
00000111111111111111000000000000
00000111111111111111000000000000
00000111110000011111100000000000
00000111110000001111100000000000
00000111110000001111110000000000
00000111110000000111111000000000
00000111110000000011111000000000
00000111110000000011111100000000
00000111110000000001111100000000
00000111110000000001111110000000
00000111110000000000111111000000
l
00000111111111111000000000000000
00000111111111111000000000000000
00000111111111111000000000000000
00000000000011111000000000000000
00000000000011111000000000000000
00000000000011111000000000000000
00000000000011111000000000000000
00000000000011111000000000000000
00000000000011111000000000000000
00000000000011111000000000000000
00000000000011111000000000000000
00000000000011111000000000000000
00000000000011111000000000000000
00000000000011111000000000000000
00000000000011111000000000000000
00000000000011111000000000000000
00000000000011111000000000000000
00000000000011111000000000000000
00000000000011111000000000000000
00000000000011111000000000000000
00000000000011111000000000000000
00000000000011111000000000000000
00000000000011111000000000000000
00000000000011111000000000000000
00000000000011111000000000000000
00000000000011111000000000000000
00000000000011111100000000000000
00000000000001111111111111000000
00000000000001111111111111000000
00000000000000111111111111000000
00000000000000011111111111000000
00000000000000000111111000000000
m
00011110000111111000001111111000
00111111001111111100011111111100
00111111011111111110111111111110
00111111111111111111111111111110
00111111111111111111111111111110
00111111110001111111100011111110
00111111100000111111000001111110
00111111100000111111000001111110
00111111100000111111000001111110
00111111100000111111000001111110
00111111100000111111000001111110
00111111100000111111000001111110
00111111100000111111000001111110
00111111100000111111000001111110
00111111100000111111000001111110
00111111100000111111000001111110
00111111100000111111000001111110
00111111100000111111000001111110
00111111100000111111000001111110
00111111100000111111000001111110
00111111100000111111000001111110
00111111100000111111000001111110
00111111100000111111000001111110
00111111100000111111000001111110
00111111100000111111000001111110
00111111100000111111000001111110
00111111100000111111000001111110
00111111100000111111000001111110
00111111100000111111000001111110
00111111100000111111000001111110
00111111100000111111000001111110
00111111100000111111000001111110
n
00001111000000111111110000000000
00011111100011111111111100000000
00011111100111111111111110000000
00011111101111111111111111000000
00011111101111111111111111100000
00011111111111111111111111100000
00011111111110000001111111100000
00011111111000000000111111110000
00011111111000000000011111110000
00011111110000000000011111110000
00011111110000000000001111110000
00011111110000000000001111110000
00011111100000000000001111110000
00011111100000000000001111110000
00011111100000000000001111110000
00011111100000000000001111110000
00011111100000000000001111110000
00011111100000000000001111110000
00011111100000000000001111110000
00011111100000000000001111110000
00011111100000000000001111110000
00011111100000000000001111110000
00011111100000000000001111110000
00011111100000000000001111110000
00011111100000000000001111110000
00011111100000000000001111110000
00011111100000000000001111110000
00011111100000000000001111110000
00011111100000000000001111110000
00011111100000000000001111110000
00011111100000000000001111110000
00011111100000000000001111110000
o
00000000000111111111000000000000
00000000011111111111111000000000
00000001111111111111111100000000
00000011111111111111111110000000
00000111111111111111111111000000
00000111111111111111111111100000
00001111111110000011111111100000
00001111111100000000111111110000
00011111111000000000011111110000
00011111110000000000011111111000
00011111110000000000001111111000
00111111110000000000001111111000
00111111100000000000001111111000
00111111100000000000001111111000
00111111100000000000000111111000
00111111100000000000000111111000
00111111100000000000000111111000
00111111100000000000000111111000
00111111100000000000001111111000
00111111100000000000001111111000
00111111100000000000001111111000
00011111110000000000001111111000
00011111110000000000001111111000
00011111110000000000011111110000
00011111111000000000011111110000
00001111111100000000111111110000
00001111111111000111111111100000
00000111111111111111111111100000
00000011111111111111111111000000
00000001111111111111111110000000
00000000111111111111111100000000
00000000001111111111110000000000
p
00000011110000111111000000000000
00000011110011111111110000000000
00000011111111111111111000000000
00000011111111111111111100000000
00000011111110000011111100000000
00000011111100000001111110000000
00000011111000000000111110000000
00000011111000000000111110000000
00000011111000000000011110000000
00000011111000000000011110000000
00000011111000000000011110000000
00000011111000000000011110000000
00000011111000000000011110000000
00000011111000000000011110000000
00000011111000000000011110000000
00000011111000000000111110000000
00000011111000000000111110000000
00000011111100000001111110000000
00000011111111000011111100000000
00000011111111111111111100000000
00000011111011111111111000000000
00000011111011111111110000000000
00000011111000111110000000000000
00000011111000000000000000000000
00000011111000000000000000000000
00000011111000000000000000000000
00000011111000000000000000000000
00000011111000000000000000000000
00000011111000000000000000000000
00000011111000000000000000000000
00000011111000000000000000000000
00000011111000000000000000000000
q
00000000000011111100001111000000
00000000001111111111001111000000
00000000011111111111101111000000
00000000111111111111111111000000
00000000111111000001111111000000
00000001111110000000111111000000
00000001111100000000011111000000
00000001111100000000011111000000
00000001111000000000011111000000
00000011111000000000011111000000
00000011111000000000011111000000
00000011111000000000011111000000
00000011111000000000011111000000
00000011111000000000011111000000
00000001111000000000011111000000
00000001111000000000011111000000
00000001111100000000011111000000
00000001111110000000011111000000
00000000111111000001111111000000
00000000111111111111111111000000
00000000011111111111111111000000
00000000001111111111011111000000
00000000000001111100011111000000
00000000000000000000011111000000
00000000000000000000011111000000
00000000000000000000011111000000
00000000000000000000011111000000
00000000000000000000011111000000
00000000000000000000011111000000
00000000000000000000011111000000
00000000000000000000011111000000
00000000000000000000011111000000
r
00000000000000000000000000000000
00111111111100000011111111000000
01111111111100000111111111110000
01111111111100001111111111111000
01111111111110011111111111111100
01111111111110111111111111111100
00111111111110111100000111111100
00000001111111111000000011111110
00000001111111110000000011111110
00000001111111100000000001111110
00000001111111100000000001111110
00000001111111000000000001111110
00000001111111000000000000000000
00000001111111000000000000000000
00000001111111000000000000000000
00000001111110000000000000000000
00000001111110000000000000000000
00000001111110000000000000000000
00000001111110000000000000000000
00000001111110000000000000000000
00000001111110000000000000000000
00000001111110000000000000000000
00000001111110000000000000000000
00000001111110000000000000000000
00000001111110000000000000000000
00000001111111000000000000000000
11111111111111111111100000000000
11111111111111111111100000000000
11111111111111111111100000000000
11111111111111111111100000000000
11111111111111111111100000000000
00000000000000000000000000000000
s
00000000000011111111111111100000
00000000011111111111111111110000
00000001111111111111111111110000
00000011111111111111111111100000
00000111111111111111111111100000
00001111111111111111110111100000
00001111111100000000000000000000
00001111111000000000000000000000
00001111110000000000000000000000
00001111110000000000000000000000
00001111111000000000000000000000
00001111111100000000000000000000
00001111111111110000000000000000
00000111111111111111000000000000
00000011111111111111111000000000
00000001111111111111111110000000
00000000011111111111111111000000
00000000000011111111111111100000
00000000000000011111111111110000
00000000000000000001111111110000
00000000000000000000011111110000
00000000000000000000001111110000
00000000000000000000001111110000
00000000000000000000001111110000
00000000000000000000011111110000
00001111100000000011111111110000
00001111111111111111111111110000
00001111111111111111111111100000
00011111111111111111111111000000
00011111111111111111111110000000
00011111111111111111111000000000
00000000111111111100000000000000
t
00000000001111100000000000000000
00000000001111100000000000000000
00000000001111100000000000000000
00000000001111100000000000000000
00000000001111100000000000000000
00000000001111100000000000000000
00000000001111100000000000000000
00000111111111111111111110000000
00000111111111111111111110000000
00000111111111111111111110000000
00000111111111111111111110000000
00000111111111111111111110000000
00000000001111100000000000000000
00000000001111100000000000000000
00000000001111100000000000000000
00000000001111100000000000000000
00000000001111100000000000000000
00000000001111100000000000000000
00000000001111100000000000000000
00000000001111100000000000000000
00000000001111100000000000000000
00000000001111100000000000000000
00000000001111100000000000000000
00000000001111100000000000000000
00000000001111100000000000000000
00000000001111110000000000000000
00000000000111111000000000000000
00000000000111111111111111000000
00000000000011111111111111000000
00000000000001111111111111000000
00000000000000111111111111000000
00000000000000000111111100000000
u
00111110000000000000111110000000
01111111000000000001111111000000
01111111000000000001111111000000
01111111000000000001111111000000
01111111000000000001111111000000
01111111000000000001111111000000
01111111000000000001111111000000
01111111000000000001111111000000
01111111000000000001111111000000
01111111000000000001111111000000
01111111000000000001111111000000
01111111000000000001111111000000
01111111000000000001111111000000
01111111000000000001111111000000
01111111000000000001111111000000
01111111000000000001111111000000
01111111000000000001111111000000
01111111000000000001111111000000
01111111000000000001111111000000
01111111000000000001111111000000
01111111000000000001111111000000
01111111000000000001111111000000
01111111000000000011111111000000
00111111000000000011111111000000
00111111100000000111111111000000
00111111111000011111111111110000
00011111111111111111111111111000
00011111111111111101111111111100
00001111111111111100111111111100
00000111111111111000111111111100
00000011111111110000111111111100
00000000011110000000000000000000
v
00011111000000000000000001111100
00111111100000000000000011111100
00111111100000000000000011111100
00011111100000000000000011111100
00011111110000000000000111111100
00011111110000000000000111111000
00001111110000000000000111111000
00001111111000000000001111111000
00001111111000000000001111110000
00000111111000000000001111110000
00000111111100000000011111110000
00000011111100000000011111100000
00000011111100000000011111100000
00000011111110000000111111100000
00000001111110000000111111000000
00000001111110000000111111000000
00000001111111000001111111000000
00000000111111000001111110000000
00000000111111000001111110000000
00000000111111000001111110000000
00000000011111100011111100000000
00000000011111100011111100000000
00000000001111100011111100000000
00000000001111110111111000000000
00000000001111110111111000000000
00000000000111111111110000000000
00000000000111111111110000000000
00000000000111111111110000000000
00000000000011111111100000000000
00000000000011111111100000000000
00000000000011111111100000000000
00000000000000000000000000000000
w
00000000000000000000000000000000
00111100000000111100000000111110
01111110000001111110000001111110
01111110000001111110000001111110
01111110000011111110000001111110
01111110000011111110000001111110
01111110000011111111000001111110
01111110000011111111000011111110
00111111000011111111000011111100
00111111000011111111000011111100
00111111000011101111000011111100
00111111000111100111000011111100
00111111000111100111000011111100
00111111000111100111100011111100
00111111000111100111100011111100
00111111000111100111100011111000
00111111000111000111100011111000
00011111000111000111100111111000
00011111001111000011100111111000
00011111101111000011100111111000
00011111101111000011110111111000
00011111101111000011110111111000
00011111101111000011110111110000
00011111101110000011110111110000
00011111101110000011111111110000
00001111111110000001111111110000
00001111111110000001111111110000
00001111111110000001111111110000
00001111111110000001111111100000
00001111111110000001111111100000
00001111111100000001111111100000
00000000000000000000000000000000
x
00111110000000000000000111111000
01111111100000000000001111111000
00111111100000000000011111110000
00011111110000000000111111110000
00011111111000000000111111100000
00001111111000000001111111000000
00000111111100000001111111000000
00000011111110000011111110000000
00000011111110000111111100000000
00000001111111001111111000000000
00000000111111101111111000000000
00000000111111111111110000000000
00000000011111111111100000000000
00000000001111111111100000000000
00000000001111111111000000000000
00000000000111111110000000000000
00000000000011111110000000000000
00000000000111111111000000000000
00000000001111111111000000000000
00000000001111111111100000000000
00000000011111111111110000000000
00000000111111111111110000000000
00000000111111001111111000000000
00000001111111000111111100000000
00000011111110000111111100000000
00000111111100000011111110000000
00000111111100000001111111000000
00001111111000000001111111100000
00011111110000000000111111100000
00011111110000000000011111110000
00111111100000000000011111111000
01111111100000000000001111111000
y
00000111100000000000001111000000
00000111110000000000011111000000
00000011110000000000011111000000
00000011111000000000011110000000
00000011111000000000011110000000
00000001111000000000111110000000
00000001111100000000111100000000
00000000111100000000111100000000
00000000111110000001111100000000
00000000111110000001111000000000
00000000011110000001111000000000
00000000011111000011111000000000
00000000001111000011111000000000
00000000001111000011110000000000
00000000001111100011110000000000
00000000000111100111110000000000
00000000000111110111100000000000
00000000000111110111100000000000
00000000000011111111100000000000
00000000000011111111000000000000
00000000000001111111000000000000
00000000000001111111000000000000
00000000000000011110000000000000
00000000000000111110000000000000
00000000000000111100000000000000
00000000000001111100000000000000
00000000000111111000000000000000
00000011111111111000000000000000
00000111111111110000000000000000
00000111111111000000000000000000
00000111111100000000000000000000
00000000000000000000000000000000
z
00001111111111111111111111100000
00011111111111111111111111110000
00011111111111111111111111110000
00011111111111111111111111110000
00011111111111111111111111110000
00011111111111111111111111110000
00000000000000000001111111110000
00000000000000000001111111100000
00000000000000000011111111000000
00000000000000000011111110000000
00000000000000000111111100000000
00000000000000001111111100000000
00000000000000011111111000000000
00000000000000111111110000000000
00000000000001111111100000000000
00000000000011111111000000000000
00000000000111111110000000000000
00000000000111111100000000000000
00000000001111111100000000000000
00000000011111111000000000000000
00000000111111110000000000000000
00000001111111100000000000000000
00000011111111000000000000000000
00000111111110000000000000000000
00000111111100000000000000000000
00001111111000000000000000000000
00011111111111111111111111110000
00011111111111111111111111111000
00011111111111111111111111111000
00011111111111111111111111111000
00011111111111111111111111111000
00011111111111111111111111111000
0
00000000000011111111000000000000
00000000001111111111110000000000
00000000011111111111111000000000
00000000111111111111111100000000
00000000111111110111111110000000
00000001111110000001111110000000
00000001111100000000111111000000
00000011111100000000011111000000
00000011111000000000011111000000
00000011111000000000011111000000
00000111111000000000011111100000
00000111111000000000001111100000
00000111110000000000001111100000
00000111110000000000001111100000
00000111110000000000001111100000
00000111110000000000001111100000
00000111110000000000001111100000
00000111110000000000001111100000
00000111110000000000001111100000
00000111110000000000001111100000
00000111110000000000001111100000
00000111111000000000011111100000
00000011111000000000011111100000
00000011111000000000011111000000
00000011111100000000011111000000
00000001111100000000111111000000
00000001111110000001111110000000
00000001111111110111111110000000
00000000111111111111111100000000
00000000011111111111111000000000
00000000001111111111110000000000
00000000000011111111000000000000
1
00000000000011111100000000000000
00000000011111111100000000000000
00000001111111111100000000000000
00000011111111111100000000000000
00000011111111111100000000000000
00000011111100111100000000000000
00000011100000111100000000000000
00000000000000111100000000000000
00000000000000111100000000000000
00000000000000111100000000000000
00000000000000111100000000000000
00000000000000111100000000000000
00000000000000111100000000000000
00000000000000111100000000000000
00000000000000111100000000000000
00000000000000111100000000000000
00000000000000111100000000000000
00000000000000111100000000000000
00000000000000111100000000000000
00000000000000111100000000000000
00000000000000111100000000000000
00000000000000111100000000000000
00000000000000111100000000000000
00000000000000111100000000000000
00000000000000111100000000000000
00000000000000111100000000000000
00000000000000111100000000000000
00000000000001111110000000000000
00000011111111111111111110000000
00000011111111111111111110000000
00000011111111111111111110000000
00000011111111111111111110000000
2
00000000000111111110000000000000
00000000111111111111110000000000
00000001111111111111111000000000
00000011111111111111111100000000
00000111111111001111111100000000
00000111111000000001111110000000
00000011100000000001111110000000
00000001000000000000111110000000
00000000000000000000111110000000
00000000000000000000111110000000
00000000000000000000111110000000
00000000000000000000111110000000
00000000000000000000111110000000
00000000000000000001111110000000
00000000000000000001111100000000
00000000000000000001111100000000
00000000000000000011111000000000
00000000000000000111111000000000
00000000000000001111110000000000
00000000000000001111100000000000
00000000000000011111100000000000
00000000000001111111000000000000
00000000000011111110000000000000
00000000000111111100000000000000
00000000011111110000000000000000
00000000111111100000000000000000
00000011111110000000000000000000
00000111111111000000000000000000
00000111111111111111111111000000
00000111111111111111111111000000
00000111111111111111111111000000
00000111111111111111111111000000
3
00000000000111111111000000000000
00000000111111111111110000000000
00000001111111111111111000000000
00000111111111111111111100000000
00000111111111001111111100000000
00000011111000000001111110000000
00000001100000000001111110000000
00000000000000000000111110000000
00000000000000000000111110000000
00000000000000000001111100000000
00000000000000000001111100000000
00000000000000000011111000000000
00000000000000000111110000000000
00000000000000011111100000000000
00000000001111111110000000000000
00000000001111111110000000000000
00000000001111111111110000000000
00000000000001111111111000000000
00000000000000000111111100000000
00000000000000000001111110000000
00000000000000000000111110000000
00000000000000000000111110000000
00000000000000000000111110000000
00000000000000000000111110000000
00000000000000000000111110000000
00000000000000000001111110000000
00000010000000000011111110000000
00000111111100111111111100000000
00000111111111111111111100000000
00000111111111111111110000000000
00000111111111111111100000000000
00000001111111111110000000000000
4
00000000000000000001111100000000
00000000000000000001111100000000
00000000111110000001111100000000
00000000111110000001111100000000
00000000111110000001111100000000
00000001111110000001111100000000
00000001111100000001111100000000
00000001111100000001111100000000
00000001111100000001111100000000
00000001111100000001111100000000
00000011111100000001111100000000
00000011111000000001111100000000
00000011111000000001111100000000
00000011111000000001111100000000
00000011111000000001111100000000
00000111111000000001111100000000
00000111110000000001111100000000
00000111110000000001111100000000
00000111110000000001111100000000
00000111110000000001111100000000
00000111110000000001111110000000
00001111111111111111111111100000
00001111111111111111111111110000
00001111111111111111111111110000
00001111111111111111111111110000
00000000000000000001111110000000
00000000000000000001111100000000
00000000000000000001111100000000
00000000000000000001111100000000
00000000000000000001111100000000
00000000000000000001111100000000
00000000000000000001111100000000
5
00000001111111111111111110000000
00000001111111111111111110000000
00000001111111111111111110000000
00000001111111111111111110000000
00000001111100000000000000000000
00000001111100000000000000000000
00000001111100000000000000000000
00000001111100000000000000000000
00000001111100000000000000000000
00000001111100000000000000000000
00000001111100111111000000000000
00000011111111111111111000000000
00000011111111111111111100000000
00000011111111111111111110000000
00000011111111111111111111000000
00000011111000000001111111000000
00000000000000000000111111100000
00000000000000000000011111100000
00000000000000000000001111100000
00000000000000000000001111100000
00000000000000000000001111100000
00000000000000000000001111100000
00000111110000000000001111100000
00001111110000000000001111100000
00000111110000000000011111100000
00000111111000000000011111100000
00000111111100000000111111000000
00000011111111111111111111000000
00000011111111111111111110000000
00000001111111111111111100000000
00000000011111111111111000000000
00000000000111111111100000000000
6
00000000000000001111111110000000
00000000000001111111111110000000
00000000000011111111111110000000
00000000001111111111111100000000
00000000011111111110000000000000
00000000111111110000000000000000
00000000111111100000000000000000
00000001111110000000000000000000
00000001111110000000000000000000
00000011111100000000000000000000
00000011111000000000000000000000
00000111111000011111110000000000
00000111111001111111111100000000
00000111110011111111111110000000
00000111110111111111111111000000
00000111111111111111111111100000
00000111111110000000111111100000
00000111111000000000011111100000
00000111111000000000001111100000
00000111110000000000001111110000
00000111110000000000001111110000
00000111110000000000001111110000
00000111110000000000001111110000
00000111110000000000001111110000
00000111111000000000001111100000
00000111111000000000011111100000
00000011111100000000111111100000
00000011111111111111111111000000
00000001111111111111111110000000
00000000111111111111111100000000
00000000011111111111111000000000
00000000000111111111100000000000
7
00001111111111111111111111110000
00001111111111111111111111110000
00001111111111111111111111100000
00001111111111111111111111100000
00001111100000000000011111000000
00001111100000000000111111000000
00001111100000000000111111000000
00001111100000000000111110000000
00001111100000000001111110000000
00001111100000000001111110000000
00001111000000000001111100000000
00000000000000000011111100000000
00000000000000000011111100000000
00000000000000000011111000000000
00000000000000000111111000000000
00000000000000000111111000000000
00000000000000000111110000000000
00000000000000001111110000000000
00000000000000001111110000000000
00000000000000001111100000000000
00000000000000011111100000000000
00000000000000011111100000000000
00000000000000011111000000000000
00000000000000111111000000000000
00000000000000111111000000000000
00000000000001111110000000000000
00000000000001111110000000000000
00000000000001111110000000000000
00000000000011111100000000000000
00000000000011111100000000000000
00000000000011111000000000000000
00000000000111111000000000000000
8
00000000011111111111111000000000
00000001111111111111111100000000
00000011111111111111111110000000
00000011111111111111111111000000
00000011111100000001111111000000
00000111111000000000111111000000
00000111111000000000011111000000
00000111111000000000011111000000
00000111111000000000011111000000
00000011111000000000011111000000
00000011111000000000111111000000
00000001111110000001111110000000
00000000111111111111111100000000
00000000011111111111110000000000
00000000000111111111000000000000
00000000011111111111111000000000
00000001111111111111111110000000
00000011111100000001111111000000
00000111111000000000111111000000
00000111110000000000011111100000
00001111110000000000001111100000
00001111110000000000001111100000
00001111110000000000001111100000
00001111110000000000001111100000
00001111110000000000001111100000
00000111111000000000011111100000
00000111111100000000111111100000
00000111111111111111111111000000
00000011111111111111111110000000
00000001111111111111111100000000
00000000111111111111111000000000
00000000000111111111100000000000
9
00000000111111111111110000000000
00000001111111111111111100000000
00000011111111111111111100000000
00000111111111111111111110000000
00000111111000000001111111000000
00001111110000000000111111000000
00001111110000000000011111000000
00001111100000000000011111000000
00001111100000000000011111100000
00011111100000000000011111100000
00011111100000000000011111100000
00001111100000000000011111100000
00001111100000000000011111100000
00001111110000000000111111100000
00001111111000000001111111100000
00000111111111111111111111000000
00000111111111111111011111000000
00000011111111111110011111000000
00000001111111111100011111000000
00000000011111111000111111000000
00000000000000000000111110000000
00000000000000000001111110000000
00000000000000000001111110000000
00000000000000000011111100000000
00000000000000000111111100000000
00000000000000011111111000000000
00000000000011111111110000000000
00000001111111111111100000000000
00000011111111111111000000000000
00000011111111111100000000000000
00000011111111110000000000000000
00000001111100000000000000000000